192  
6    

1    
  0.0069897595184229   0.0000000000000000   0.0071514517319644
  -0.0516752100   -0.0000002300   -0.0794122100
   0.0067404700    0.0000002300   -0.0329950200
   0.0005589100    0.0000002800   -0.0332008900
   0.0098576700   -0.0000002000   -0.0360801000
  -0.0045027400   -0.0016071000   -0.0345402100
   0.0007731500    0.0005973200   -0.0321418000
   0.0003150700   -0.0001770200   -0.0331449300
   0.0028373800   -0.0026626300   -0.0341554200
  -0.0004185500   -0.0000000700   -0.0332015100
  -0.0001593700    0.0000001700   -0.0329739400
   0.0003310000   -0.0000000800   -0.0332319700
   0.0001932700   -0.0000001600   -0.0333164200
  -0.0045027800    0.0016075200   -0.0345406800
   0.0007735600   -0.0005968100   -0.0321416600
   0.0003149900    0.0001774300   -0.0331450200
   0.0028377000    0.0026623500   -0.0341565300
  -0.0000634400   -0.0000000000   -0.0328282700
  -0.0000784800   -0.0000003300   -0.0330200800
   0.0001118200    0.0000002500   -0.0332081000
   0.0000593200   -0.0000001700   -0.0331526500
  -0.0000872300   -0.0000689600   -0.0330860600
  -0.0000217800   -0.0000021800   -0.0331605100
   0.0000951800   -0.0000218100   -0.0332207200
   0.0000311700   -0.0000509600   -0.0332103100
  -0.0000819400    0.0000001000   -0.0332083600
   0.0000027600   -0.0000001000   -0.0332022100
   0.0000462100    0.0000000900   -0.0332249400
   0.0000462400   -0.0000003600   -0.0332412600
  -0.0000871100    0.0000689100   -0.0330861000
  -0.0000220700    0.0000018600   -0.0331610100
   0.0000951100    0.0000216300   -0.0332211300
   0.0000312500    0.0000508500   -0.0332108100
  -0.0029685400    0.0025978700    0.0326038900
   0.0001755300    0.0000928500    0.0332614000
   0.0007403000    0.0003145100    0.0338106800
   0.0017912900    0.0021613900    0.0372463600
  -0.0029685000   -0.0025978600    0.0326046600
   0.0001758000   -0.0000931200    0.0332611000
   0.0007405400   -0.0003147100    0.0338105200
   0.0017907800   -0.0021615000    0.0372464900
  -0.0004104500   -0.0001712300    0.0333372800
   0.0001160400    0.0000505800    0.0332946700
   0.0003288700   -0.0002636500    0.0335010200
  -0.0000040800   -0.0003929500    0.0337348700
  -0.0004102600    0.0001717600    0.0333369900
   0.0001166000   -0.0000505500    0.0332946900
   0.0003285200    0.0002636000    0.0335008200
  -0.0000034900    0.0003933000    0.0337353200
   0.0003324600   -0.0007856100    0.0338690900
   0.0002326800   -0.0001294700    0.0328978500
   0.0001345600    0.0000691300    0.0327990800
  -0.0005501900   -0.0000938100    0.0330017400
   0.0003318600    0.0007854300    0.0338682200
   0.0002323200    0.0001291700    0.0328974500
   0.0001349200   -0.0000684000    0.0327982000
  -0.0005506000    0.0000936500    0.0330020200
  -0.0000415200    0.0001483400    0.0328794600
   0.0001305900    0.0000132200    0.0328656600
   0.0000258300    0.0000927000    0.0327589400
  -0.0001028100   -0.0000497700    0.0328171700
  -0.0000421100   -0.0001480100    0.0328799500
   0.0001306900   -0.0000127400    0.0328662200
   0.0000252600   -0.0000927000    0.0327605700
  -0.0001025900    0.0000497100    0.0328176700
   0.0027088100    0.0000000100    0.0099321400
   0.0002336800    0.0000000100   -0.0012425600
  -0.0003000000   -0.0000000400   -0.0015955000
  -0.0011862200   -0.0000000100   -0.0021521800
   0.0009174300    0.0007078000   -0.0016955300
  -0.0000087700   -0.0000634600   -0.0012846800
  -0.0002477700    0.0000990700   -0.0015733400
  -0.0006334300    0.0006879300   -0.0019049400
   0.0001487800    0.0000000100   -0.0015953300
   0.0001160800   -0.0000000300   -0.0015470200
  -0.0001934500   -0.0000000100   -0.0015853900
  -0.0000818000   -0.0000000200   -0.0015993500
   0.0009174800   -0.0007078300   -0.0016955300
  -0.0000088500    0.0000634400   -0.0012846600
  -0.0002477600   -0.0000990600   -0.0015733700
  -0.0006334600   -0.0006878900   -0.0019049200
   0.0005664200   -0.0000000200   -0.0017915000
  -0.0003168600   -0.0000000000   -0.0018185200
  -0.0001734800   -0.0000000200   -0.0014454100
   0.0000704300   -0.0000000400   -0.0013682400
   0.0002458400   -0.0001938700   -0.0015933900
  -0.0001330500   -0.0001352800   -0.0014773000
  -0.0001195400   -0.0000307800   -0.0014354900
  -0.0000102100    0.0000127300   -0.0013564500
   0.0001022700    0.0000000100   -0.0014453100
  -0.0000350100    0.0000000000   -0.0014616300
  -0.0000996400    0.0000000300   -0.0014122300
   0.0000269500   -0.0000000500   -0.0014092800
   0.0002458800    0.0001938600   -0.0015933000
  -0.0001330700    0.0001352600   -0.0014773000
  -0.0001195500    0.0000307600   -0.0014354900
  -0.0000102700   -0.0000126800   -0.0013563800
   0.0052289700   -0.0023046300    0.0023545400
  -0.0004228500    0.0000565000    0.0015290000
  -0.0011343900   -0.0002745900    0.0014840400
   0.0077730400    0.0048299300    0.0055709100
   0.0052290300    0.0023045700    0.0023545700
  -0.0004229200   -0.0000564500    0.0015290300
  -0.0011343400    0.0002746200    0.0014841800
   0.0077730300   -0.0048299300    0.0055708700
   0.0004044500    0.0000359000    0.0014790400
  -0.0001080900   -0.0000520200    0.0014901600
  -0.0004103600    0.0003541500    0.0014108400
   0.0001862500    0.0006755000    0.0015339800
   0.0004044000   -0.0000358900    0.0014790400
  -0.0001080700    0.0000520100    0.0014901000
  -0.0004103500   -0.0003542000    0.0014108300
   0.0001862800   -0.0006755500    0.0015339000
   0.0000955400   -0.0000363900    0.0012646800
  -0.0000435700   -0.0000018100    0.0015020300
  -0.0000696400   -0.0000287700    0.0015401700
   0.0000287400   -0.0000306800    0.0013893200
   0.0000955200    0.0000363700    0.0012647300
  -0.0000435700    0.0000018000    0.0015020900
  -0.0000696200    0.0000287600    0.0015401500
   0.0000287200    0.0000307100    0.0013893600
   0.0000556600   -0.0000014300    0.0015055600
  -0.0000259100    0.0000009000    0.0015382900
  -0.0000498700    0.0000230300    0.0015521900
   0.0000251600    0.0000273300    0.0015367100
   0.0000556200    0.0000014600    0.0015055300
  -0.0000258600   -0.0000009200    0.0015382700
  -0.0000499700   -0.0000230500    0.0015521500
   0.0000252800   -0.0000273700    0.0015367000
   0.0001925600   -0.0000094800   -0.0005817400
  -0.0001401100    0.0001867200   -0.0001501300
   0.0000242400   -0.0000508200   -0.0000862400
  -0.0000309300    0.0000727600   -0.0004023900
   0.0001926100    0.0000095000   -0.0005818000
  -0.0001401700   -0.0001866100   -0.0001501900
   0.0000241600    0.0000508200   -0.0000862000
  -0.0000309200   -0.0000728400   -0.0004023300
  -0.0000464500   -0.0000634000   -0.0001022800
   0.0000847500   -0.0000482100   -0.0000278900
   0.0000586300    0.0000322200   -0.0000630500
  -0.0000920000    0.0000397300   -0.0000993600
  -0.0000465500    0.0000633500   -0.0001023000
   0.0000847800    0.0000480800   -0.0000279100
   0.0000586900   -0.0000322300   -0.0000630200
  -0.0000920600   -0.0000396800   -0.0000993700
  -0.0011346200   -0.0071634500    0.0062596800
   0.0011713800   -0.0019202900   -0.0005238200
   0.0002240600    0.0001968800    0.0000783400
  -0.0001845700   -0.0000826100    0.0009515300
  -0.0011346000    0.0071634900    0.0062596900
   0.0011713300    0.0019203000   -0.0005239500
   0.0002240800   -0.0001968500    0.0000783200
  -0.0001845700    0.0000827200    0.0009514600
   0.0002266300    0.0001119900    0.0002340100
  -0.0002915300    0.0004705600    0.0000013000
  -0.0005895400   -0.0003873300    0.0002999800
   0.0006402200   -0.0002042800    0.0002483800
   0.0002266600   -0.0001120800    0.0002340100
  -0.0002914900   -0.0004706600    0.0000013200
  -0.0005896300    0.0003873000    0.0002999600
   0.0006402500    0.0002040900    0.0002483200
   0.0001033300    0.0000000600   -0.0004185900
  -0.0000981400    0.0000000900   -0.0000036000
   0.0000279300   -0.0000000100   -0.0002011500
   0.0000840000   -0.0000000100   -0.0007451300
  -0.0001104900   -0.0001149100   -0.0001615100
  -0.0000072500    0.0000811800    0.0000127500
   0.0000009900    0.0000953600   -0.0001398900
   0.0001489100    0.0000058100   -0.0003912100
   0.0000339300   -0.0000000700   -0.0000367400
   0.0000470400   -0.0000000600   -0.0000240900
  -0.0000176300   -0.0000000000   -0.0001017500
  -0.0000676900    0.0000000000   -0.0001355800
  -0.0001105600    0.0001148300   -0.0001614900
  -0.0000071400   -0.0000811700    0.0000127200
   0.0000010400   -0.0000954100   -0.0001399000
   0.0001488500   -0.0000058200   -0.0003912000
   0.0125589000    0.0000000200    0.0108572100
   0.0001593800    0.0000000400   -0.0000579600
  -0.0000602800    0.0000000400    0.0005238600
  -0.0018604900   -0.0000000200    0.0017998700
   0.0008364700    0.0003981200   -0.0000273000
   0.0002137600   -0.0003789900   -0.0001178900
  -0.0000551700   -0.0005484500    0.0003654600
  -0.0011639300    0.0009461900    0.0004553000
  -0.0001989500   -0.0000000400   -0.0000135100
  -0.0002560600   -0.0000000300    0.0001880700
   0.0005141300   -0.0000000700    0.0004117300
   0.0001925900   -0.0000000500    0.0001708300
   0.0008364900   -0.0003981900   -0.0000272700
   0.0002137600    0.0003789900   -0.0001178800
  -0.0000552100    0.0005484500    0.0003654400
  -0.0011638600   -0.0009461500    0.0004552900

1    
 -0.0069897595184229   0.0000000000000000  -0.0071514517319644
   0.0515218300   -0.0000001600    0.0130194800
  -0.0066968700    0.0000001100   -0.0330849700
  -0.0005626800    0.0000001600   -0.0328521100
  -0.0099571800   -0.0000001700   -0.0299392100
   0.0045241300    0.0015816100   -0.0315152600
  -0.0007830300   -0.0006144100   -0.0339202500
  -0.0003196200    0.0001759000   -0.0329075600
  -0.0028477100    0.0026780800   -0.0319015200
   0.0004227000    0.0000000100   -0.0328527100
   0.0001586200    0.0000001100   -0.0330808600
  -0.0003303000   -0.0000002500   -0.0328230700
  -0.0001953500    0.0000001000   -0.0327348500
   0.0045240100   -0.0015818400   -0.0315152100
  -0.0007830800    0.0006141300   -0.0339198800
  -0.0003192100   -0.0001765700   -0.0329079000
  -0.0028468400   -0.0026783700   -0.0319015200
   0.0000635900    0.0000007100   -0.0332716400
   0.0000795400   -0.0000001400   -0.0330821400
  -0.0001124800   -0.0000000600   -0.0328886000
  -0.0000588500   -0.0000001000   -0.0329457400
   0.0000872000    0.0000697700   -0.0330144100
   0.0000217100    0.0000023000   -0.0329375200
  -0.0000951500    0.0000213700   -0.0328749900
  -0.0000308600    0.0000507200   -0.0328857800
   0.0000825600   -0.0000001500   -0.0328895800
  -0.0000036400    0.0000001500   -0.0328958800
  -0.0000464700    0.0000000100   -0.0328702600
  -0.0000448900    0.0000003600   -0.0328540400
   0.0000874600   -0.0000698300   -0.0330153700
   0.0000218000   -0.0000024100   -0.0329378500
  -0.0000947900   -0.0000211000   -0.0328753400
  -0.0000309000   -0.0000510800   -0.0328852000
   0.0029824700   -0.0026073100    0.0335070800
  -0.0001775600   -0.0000928100    0.0328413200
  -0.0007427200   -0.0003160100    0.0322863800
  -0.0018021500   -0.0021768200    0.0288219700
   0.0029823300    0.0026074800    0.0335060200
  -0.0001773500    0.0000934000    0.0328407400
  -0.0007427700    0.0003166200    0.0322864200
  -0.0018010900    0.0021766800    0.0288209400
   0.0004132500    0.0001711100    0.0327645400
  -0.0001178500   -0.0000516100    0.0328054900
  -0.0003291000    0.0002637800    0.0325978300
   0.0000036200    0.0003943700    0.0323641100
   0.0004134900   -0.0001715300    0.0327638400
  -0.0001175700    0.0000512300    0.0328056100
  -0.0003296000   -0.0002638600    0.0325978800
   0.0000037700   -0.0003942900    0.0323637600
  -0.0003293700    0.0007997300    0.0321750800
  -0.0002388300    0.0001314500    0.0331554700
  -0.0001341200   -0.0000659300    0.0332546400
   0.0005603800    0.0000943200    0.0330430000
  -0.0003299300   -0.0007993500    0.0321752100
  -0.0002383300   -0.0001312100    0.0331555900
  -0.0001342700    0.0000663300    0.0332546000
   0.0005608700   -0.0000945700    0.0330428500
   0.0000407900   -0.0001499400    0.0331740100
  -0.0001316100   -0.0000146100    0.0331870600
  -0.0000255000   -0.0000908300    0.0332885400
   0.0001062000    0.0000469400    0.0332359100
   0.0000410200    0.0001501300    0.0331738900
  -0.0001317100    0.0000143100    0.0331868500
  -0.0000257100    0.0000903900    0.0332889500
   0.0001062600   -0.0000469300    0.0332362100
  -0.0026990900   -0.0000000100   -0.0133528100
  -0.0002348900    0.0000000100   -0.0017551000
   0.0003020200    0.0000000200   -0.0013991200
   0.0011861400    0.0000000200   -0.0008417600
  -0.0009212400   -0.0007127200   -0.0012966000
   0.0000102200    0.0000654400   -0.0017148700
   0.0002494300   -0.0000990800   -0.0014210400
   0.0006357500   -0.0006914000   -0.0010886600
  -0.0001492900    0.0000000200   -0.0013991800
  -0.0001162600    0.0000000500   -0.0014473100
   0.0001950900    0.0000000400   -0.0014096700
   0.0000818900    0.0000000100   -0.0013949800
  -0.0009212100    0.0007127200   -0.0012967400
   0.0000102300   -0.0000654700   -0.0017150400
   0.0002494000    0.0000990400   -0.0014212000
   0.0006357500    0.0006913900   -0.0010887300
  -0.0005649000    0.0000000900   -0.0012121700
   0.0003280500    0.0000000700   -0.0011729400
   0.0001758000    0.0000001000   -0.0015538800
  -0.0000766800    0.0000001400   -0.0016274100
  -0.0002470900    0.0002021100   -0.0014002700
   0.0001345800    0.0001381400   -0.0015205600
   0.0001209800    0.0000317900   -0.0015640900
   0.0000085100   -0.0000121900   -0.0016440600
  -0.0001027900   -0.0000000500   -0.0015538600
   0.0000365300   -0.0000000500   -0.0015369700
   0.0000992900   -0.0000000700   -0.0015878200
  -0.0000269900   -0.0000001000   -0.0015907200
  -0.0002470800   -0.0002021200   -0.0014001800
   0.0001345400   -0.0001381100   -0.0015204700
   0.0001209600   -0.0000317900   -0.0015638700
   0.0000085600    0.0000121800   -0.0016438300
  -0.0051594400    0.0022329100    0.0006276300
   0.0004317900   -0.0000569100    0.0014705600
   0.0011384800    0.0002776400    0.0015160500
  -0.0080130900   -0.0051056300   -0.0026261400
  -0.0051595100   -0.0022328400    0.0006276600
   0.0004318400    0.0000570200    0.0014706400
   0.0011385100   -0.0002774900    0.0015162400
  -0.0080131100    0.0051057400   -0.0026260200
  -0.0004075600   -0.0000328900    0.0015210700
   0.0001123900    0.0000554100    0.0015087300
   0.0004105100   -0.0003539700    0.0015886900
  -0.0001873200   -0.0006741400    0.0014656700
  -0.0004075200    0.0000328200    0.0015210500
   0.0001123500   -0.0000555200    0.0015086000
   0.0004104600    0.0003538200    0.0015885000
  -0.0001872700    0.0006740400    0.0014655600
  -0.0000957000    0.0000359000    0.0017301500
   0.0000450800    0.0000008900    0.0014933900
   0.0000694100    0.0000282600    0.0014551000
  -0.0000287500    0.0000308700    0.0016069900
  -0.0000957000   -0.0000359300    0.0017300600
   0.0000451100   -0.0000009200    0.0014932700
   0.0000694300   -0.0000282600    0.0014550300
  -0.0000288200   -0.0000308800    0.0016069200
  -0.0000549800    0.0000021000    0.0014899600
   0.0000266200   -0.0000006500    0.0014565700
   0.0000501000   -0.0000228600    0.0014427600
  -0.0000259600   -0.0000265600    0.0014586400
  -0.0000549700   -0.0000020600    0.0014900900
   0.0000265900    0.0000006700    0.0014567000
   0.0000500500    0.0000228500    0.0014428300
  -0.0000258900    0.0000265600    0.0014586900
  -0.0001924500    0.0000103000    0.0005862600
   0.0001405800   -0.0001863600    0.0001507400
  -0.0000241600    0.0000503100    0.0000864200
   0.0000309700   -0.0000735400    0.0004033700
  -0.0001925000   -0.0000102800    0.0005862800
   0.0001405600    0.0001863200    0.0001507500
  -0.0000241000   -0.0000503200    0.0000864500
   0.0000309800    0.0000736100    0.0004033600
   0.0000463400    0.0000633900    0.0001030100
  -0.0000843700    0.0000477300    0.0000277400
  -0.0000575600   -0.0000322400    0.0000624400
   0.0000923000   -0.0000391300    0.0000993600
   0.0000463900   -0.0000633800    0.0001030000
  -0.0000843200   -0.0000476600    0.0000277800
  -0.0000576500    0.0000322700    0.0000624500
   0.0000922800    0.0000390800    0.0000993900
   0.0010915500    0.0069958100   -0.0061076000
  -0.0011531300    0.0019006400    0.0005344700
  -0.0002206700   -0.0001923200   -0.0000782900
   0.0001913500    0.0000990700   -0.0009537100
   0.0010914900   -0.0069957800   -0.0061075700
  -0.0011530200   -0.0019005600    0.0005345200
  -0.0002205900    0.0001925700   -0.0000782400
   0.0001912400   -0.0000988400   -0.0009536700
  -0.0002183500   -0.0001098500   -0.0002321300
   0.0002904800   -0.0004587800   -0.0000002200
   0.0005768100    0.0003792900   -0.0002956100
  -0.0006359100    0.0001940900   -0.0002472100
  -0.0002182500    0.0001098200   -0.0002321500
   0.0002903300    0.0004587200   -0.0000002400
   0.0005767500   -0.0003795500   -0.0002956600
  -0.0006358000   -0.0001943000   -0.0002472200
  -0.0001035400   -0.0000000200    0.0004213500
   0.0000985800   -0.0000000100    0.0000036200
  -0.0000285100    0.0000000600    0.0002021300
  -0.0000830900    0.0000000500    0.0007508300
   0.0001109600    0.0001153300    0.0001619900
   0.0000075900   -0.0000811000   -0.0000126200
  -0.0000008900   -0.0000954200    0.0001399400
  -0.0001488700   -0.0000052500    0.0003918300
  -0.0000336100    0.0000000100    0.0000370800
  -0.0000464500    0.0000000500    0.0000236800
   0.0000182300   -0.0000000000    0.0001015200
   0.0000671200   -0.0000000100    0.0001359700
   0.0001110100   -0.0001153300    0.0001620100
   0.0000075300    0.0000810700   -0.0000125900
  -0.0000009800    0.0000953800    0.0001399700
  -0.0001488000    0.0000052100    0.0003918400
  -0.0120515300    0.0000000200   -0.0102883300
  -0.0001597000    0.0000000800    0.0000595100
   0.0000640900    0.0000002000   -0.0005258100
   0.0018505500    0.0000001100   -0.0017942800
  -0.0008413900   -0.0004086500    0.0000349000
  -0.0002049200    0.0003822700    0.0001154500
   0.0000573200    0.0005483500   -0.0003648900
   0.0011606700   -0.0009466600   -0.0004537700
   0.0001959500    0.0000000300    0.0000142000
   0.0002526300   -0.0000000500   -0.0001848100
  -0.0005102800   -0.0000001400   -0.0004065700
  -0.0001908400   -0.0000000600   -0.0001701000
  -0.0008413800    0.0004085900    0.0000349600
  -0.0002050400   -0.0003822800    0.0001154600
   0.0000572500   -0.0005483800   -0.0003648600
   0.0011609000    0.0009466200   -0.0004537200

65   
  0.0069897595184229   0.0000000000000000   0.0071514517319644
   0.0026706300   -0.0000001600   -0.0211736900
  -0.0009390900    0.0000000100   -0.0339354700
  -0.0003031200   -0.0000000100   -0.0331435600
  -0.0000122500    0.0000000500   -0.0325520700
   0.0009180600   -0.0004646600   -0.0332440700
  -0.0006429500   -0.0006953000   -0.0334451600
  -0.0002504600   -0.0000266100   -0.0331207300
  -0.0000067000    0.0000588600   -0.0328367900
   0.0001469700    0.0000001000   -0.0331427100
  -0.0000117800    0.0000000800   -0.0332179900
  -0.0001961400   -0.0000001800   -0.0331340000
   0.0000418300    0.0000001700   -0.0330247500
   0.0009183400    0.0004649300   -0.0332426500
  -0.0006431500    0.0006954000   -0.0334447800
  -0.0002510700    0.0000267100   -0.0331221700
  -0.0000063900   -0.0000587200   -0.0328381800
   0.0005589900    0.0000001300   -0.0333301900
   0.0001056200    0.0000003800   -0.0329438200
  -0.0001752300   -0.0000001700   -0.0329859800
  -0.0003572000    0.0000002600   -0.0333289400
   0.0002434000    0.0002315900   -0.0331362800
  -0.0000111700   -0.0000110900   -0.0328963900
  -0.0001217700    0.0000265000   -0.0329756800
  -0.0001361300    0.0001359100   -0.0330181200
   0.0001004200    0.0000004500   -0.0329854100
   0.0000201500   -0.0000001200   -0.0329453300
  -0.0001006500    0.0000001300   -0.0329521900
  -0.0000340700    0.0000002400   -0.0330066300
   0.0002427800   -0.0002319400   -0.0331362700
  -0.0000115200    0.0000115000   -0.0328966300
  -0.0001217900   -0.0000272600   -0.0329759400
  -0.0001358400   -0.0001362800   -0.0330174500
   0.0049011600   -0.0019881100    0.0341861200
  -0.0007597100    0.0003498000    0.0333896500
  -0.0008047400   -0.0002904600    0.0326964600
   0.0080798600    0.0051412100    0.0368097600
   0.0049003800    0.0019885700    0.0341853700
  -0.0007600900   -0.0003497000    0.0333888200
  -0.0008043600    0.0002905300    0.0326965800
   0.0080802900   -0.0051411200    0.0368096400
   0.0002655800   -0.0001420800    0.0331487900
  -0.0002207800   -0.0001629200    0.0331331700
  -0.0003027000    0.0002442600    0.0328401900
   0.0003218300    0.0001894600    0.0329351400
   0.0002655100    0.0001420100    0.0331487100
  -0.0002210000    0.0001623100    0.0331335900
  -0.0003025900   -0.0002444400    0.0328403600
   0.0003209400   -0.0001896500    0.0329344400
  -0.0000042000    0.0000603400    0.0329034400
  -0.0000779800    0.0000305200    0.0330782500
  -0.0000395000    0.0000020200    0.0330540900
   0.0001232600    0.0000662200    0.0328384500
  -0.0000039000   -0.0000605300    0.0329043600
  -0.0000779500   -0.0000301300    0.0330778200
  -0.0000396000   -0.0000019400    0.0330531400
   0.0001229500   -0.0000661500    0.0328391000
   0.0000222600   -0.0000328500    0.0330804700
  -0.0000470400   -0.0000185100    0.0331011800
  -0.0000331100    0.0000035800    0.0330780900
   0.0000546800   -0.0000059900    0.0330510100
   0.0000220400    0.0000332900    0.0330796400
  -0.0000471100    0.0000184500    0.0331018900
  -0.0000330700   -0.0000042200    0.0330788200
   0.0000545800    0.0000058900    0.0330506600
  -0.0383172100    0.0000000500   -0.0366003500
   0.0019065900    0.0000002000   -0.0015950100
   0.0004628200    0.0000001800   -0.0015036400
   0.0019095800    0.0000001500   -0.0016102600
  -0.0011734200   -0.0000100200   -0.0016009200
   0.0007311600    0.0008076000   -0.0014242800
   0.0002986900    0.0000043500   -0.0015051800
   0.0013079000   -0.0013848000   -0.0019830700
  -0.0001460400    0.0000000600   -0.0015034200
  -0.0000203500    0.0000000100   -0.0015095100
   0.0001670700    0.0000000100   -0.0014719200
  -0.0000285400    0.0000001900   -0.0015007200
  -0.0011736800    0.0000099200   -0.0016011200
   0.0007309100   -0.0008077200   -0.0014238500
   0.0002989200   -0.0000045800   -0.0015051800
   0.0013081400    0.0013844500   -0.0019837500
  -0.0000714700   -0.0000002300   -0.0014337300
   0.0000417500    0.0000000400   -0.0014135700
   0.0000699400    0.0000003700   -0.0015027200
  -0.0000747400    0.0000000900   -0.0013013700
  -0.0000786300    0.0000585300   -0.0013574200
   0.0000091700    0.0000211400   -0.0014916100
   0.0000564500    0.0000053000   -0.0014980200
   0.0000053600   -0.0000174000   -0.0014893000
  -0.0000525600    0.0000000600   -0.0015030800
   0.0000151300   -0.0000001200   -0.0015024200
   0.0000395900   -0.0000004600   -0.0015088800
   0.0000050000   -0.0000000700   -0.0014927400
  -0.0000782700   -0.0000583500   -0.0013582700
   0.0000085400   -0.0000210200   -0.0014918600
   0.0000561300   -0.0000052300   -0.0014968400
   0.0000059000    0.0000173600   -0.0014888900
   0.0027586400   -0.0034073700    0.0039818900
   0.0003547000   -0.0000883500    0.0015769700
   0.0001869200    0.0000599000    0.0014129500
  -0.0009338500   -0.0002926300    0.0003682600
   0.0027589900    0.0034069000    0.0039811700
   0.0003549800    0.0000885900    0.0015773700
   0.0001867000   -0.0000593200    0.0014137400
  -0.0009343300    0.0002926300    0.0003679300
  -0.0001181200    0.0001585900    0.0015090900
   0.0002561100    0.0001872700    0.0015425400
   0.0001481800   -0.0000794600    0.0014376600
  -0.0001465700    0.0000100900    0.0014815800
  -0.0001184100   -0.0001582200    0.0015097400
   0.0002558000   -0.0001875700    0.0015420400
   0.0001484800    0.0000788600    0.0014369200
  -0.0001463000   -0.0000100900    0.0014818100
  -0.0002224200    0.0000275000    0.0016300600
   0.0000791100   -0.0000017000    0.0014636500
   0.0001515500    0.0000727100    0.0015343900
   0.0000124700    0.0002068100    0.0018579200
  -0.0002223000   -0.0000275000    0.0016304100
   0.0000791300    0.0000019500    0.0014641300
   0.0001515100   -0.0000726300    0.0015345100
   0.0000123200   -0.0002070100    0.0018578100
  -0.0000786400    0.0000015200    0.0014644100
   0.0000505800   -0.0000131200    0.0014589700
   0.0000871000   -0.0000236600    0.0014944600
  -0.0000074100   -0.0000735700    0.0015331800
  -0.0000787200   -0.0000014900    0.0014644400
   0.0000506100    0.0000128800    0.0014589900
   0.0000872300    0.0000235200    0.0014949100
  -0.0000074200    0.0000737700    0.0015338900
   0.0000125000    0.0014050700    0.0018575300
   0.0002269000    0.0000477200   -0.0004689000
  -0.0001212700    0.0000834000    0.0000012700
  -0.0002182300   -0.0006073500    0.0006598000
   0.0000130300   -0.0014055900    0.0018574700
   0.0002272000   -0.0000473300   -0.0004688900
  -0.0001214800   -0.0000831300    0.0000013400
  -0.0002187200    0.0006068500    0.0006597900
   0.0000400100    0.0001392300   -0.0000232900
  -0.0002690600   -0.0002733400   -0.0001407900
   0.0001405900   -0.0000388200   -0.0000081800
   0.0000158100    0.0001260400    0.0000903300
   0.0000393200   -0.0001388200   -0.0000232700
  -0.0002693200    0.0002729500   -0.0001408600
   0.0001411600    0.0000385500   -0.0000082100
   0.0000162600   -0.0001255800    0.0000903500
  -0.0000583000   -0.0004232100    0.0008551000
  -0.0000079000    0.0000463100    0.0002424400
   0.0000147700   -0.0000231000    0.0000027800
   0.0000494500    0.0001045900   -0.0000497300
  -0.0000589900    0.0004223700    0.0008552400
  -0.0000067700   -0.0000467600    0.0002424100
   0.0000153600    0.0000241000    0.0000027800
   0.0000485600   -0.0001040900   -0.0000497300
   0.0000425000   -0.0000901700    0.0000718100
  -0.0000226100    0.0000157400    0.0000983000
  -0.0000006800   -0.0000115100    0.0000017100
  -0.0000237200   -0.0000025400   -0.0000229700
   0.0000429900    0.0000909200    0.0000716500
  -0.0000236000   -0.0000152500    0.0000983300
  -0.0000010300    0.0000105500    0.0000016400
  -0.0000228600    0.0000020200   -0.0000229300
  -0.0000360400    0.0000002600   -0.0003808900
   0.0000632200    0.0000003800   -0.0001812900
  -0.0002151300    0.0000003500    0.0001341100
   0.0027681300    0.0000001200    0.0040838500
   0.0002763300    0.0005470800   -0.0004183900
  -0.0000994500   -0.0002148500   -0.0000964800
   0.0000476600   -0.0000700900    0.0000461200
  -0.0002833300   -0.0001003500    0.0006081500
  -0.0001416900    0.0000000800   -0.0000409500
   0.0000937800    0.0000001000   -0.0000411400
   0.0001714500    0.0000004500    0.0000256100
   0.0000247900    0.0000005900    0.0000443100
   0.0002761000   -0.0005474300   -0.0004183800
  -0.0000995000    0.0002143400   -0.0000965000
   0.0000481300    0.0000692100    0.0000461400
  -0.0002834500    0.0000996400    0.0006081900
   0.0003566700   -0.0000006400    0.0007550000
  -0.0000979400    0.0000004800    0.0001522400
   0.0000827600    0.0000007500   -0.0000085000
  -0.0004878700   -0.0000003000    0.0009559400
  -0.0000634900    0.0000095600    0.0001762400
   0.0000025400   -0.0000235700    0.0000815000
  -0.0000118000    0.0000247700   -0.0000058600
   0.0000877000   -0.0000650600    0.0000170700
   0.0000184300    0.0000004400    0.0000181600
   0.0000104300   -0.0000004900    0.0000212300
   0.0000323900   -0.0000004900   -0.0000179200
  -0.0000286800    0.0000004800   -0.0000126000
  -0.0000641800   -0.0000093900    0.0001761000
   0.0000012500    0.0000236200    0.0000814900
  -0.0000108500   -0.0000250400   -0.0000058800
   0.0000886500    0.0000648100    0.0000169700

65   
 -0.0069897595184229   0.0000000000000000  -0.0071514517319644
  -0.0027327100    0.0000003700   -0.0444552200
   0.0009485500    0.0000014000   -0.0321493400
   0.0003035200    0.0000007100   -0.0329502200
   0.0000120900    0.0000013000   -0.0335431000
  -0.0009161800    0.0004676000   -0.0328455400
   0.0006429300    0.0006963000   -0.0326412800
   0.0002512800    0.0000275500   -0.0329708400
   0.0000048900   -0.0000576400   -0.0332557800
  -0.0001471900   -0.0000005300   -0.0329475800
   0.0000109500   -0.0000001300   -0.0328731000
   0.0001971000   -0.0000012200   -0.0329586400
  -0.0000414100   -0.0000002200   -0.0330666200
  -0.0009162100   -0.0004674800   -0.0328461500
   0.0006419900   -0.0006976700   -0.0326429600
   0.0002509300   -0.0000273900   -0.0329734800
   0.0000054700    0.0000565100   -0.0332570000
  -0.0005679800    0.0000021200   -0.0327295600
  -0.0001047400    0.0000004400   -0.0331200600
   0.0001774700    0.0000016500   -0.0330792100
   0.0003604600    0.0000001300   -0.0327307200
  -0.0002456800   -0.0002317800   -0.0329185600
   0.0000100800    0.0000144300   -0.0331608700
   0.0001230800   -0.0000272500   -0.0330843700
   0.0001379900   -0.0001360600   -0.0330402700
  -0.0001008400   -0.0000006200   -0.0330711900
  -0.0000218400   -0.0000026200   -0.0331124100
   0.0001019900   -0.0000002400   -0.0331081000
   0.0000353900   -0.0000021600   -0.0330525000
  -0.0002455800    0.0002299500   -0.0329226800
   0.0000101000   -0.0000124000   -0.0331663900
   0.0001229500    0.0000261500   -0.0330893300
   0.0001378400    0.0001379400   -0.0330446100
  -0.0048705500    0.0019354200    0.0318483600
   0.0007601000   -0.0003470700    0.0326753800
   0.0008109400    0.0002931500    0.0333693200
  -0.0083122600   -0.0054039900    0.0292019000
  -0.0048722300   -0.0019333700    0.0318442700
   0.0007610800    0.0003487300    0.0326719300
   0.0008093900   -0.0002917900    0.0333668100
  -0.0083097900    0.0054054700    0.0291979100
  -0.0002664900    0.0001439900    0.0329054300
   0.0002207300    0.0001634000    0.0329236400
   0.0003055900   -0.0002451300    0.0332188600
  -0.0003236800   -0.0001899100    0.0331202200
  -0.0002682600   -0.0001458800    0.0329082700
   0.0002223400   -0.0001651600    0.0329279700
   0.0003035200    0.0002441500    0.0332227600
  -0.0003221200    0.0001878600    0.0331225700
   0.0000016400   -0.0000609000    0.0331892900
   0.0000786600   -0.0000301200    0.0330168000
   0.0000397600   -0.0000011800    0.0330425600
  -0.0001223000   -0.0000656800    0.0332549900
   0.0000031200    0.0000617100    0.0331875400
   0.0000776500    0.0000319800    0.0330148000
   0.0000407100    0.0000025800    0.0330406900
  -0.0001232700    0.0000666900    0.0332543700
  -0.0000229800    0.0000331300    0.0330127600
   0.0000474400    0.0000176400    0.0329917500
   0.0000333600   -0.0000041200    0.0330144900
  -0.0000543800    0.0000061100    0.0330419100
  -0.0000227300   -0.0000336400    0.0330128100
   0.0000461400   -0.0000190600    0.0329927200
   0.0000342500    0.0000026000    0.0330158600
  -0.0000544400   -0.0000067000    0.0330415600
   0.0388255200   -0.0000001600    0.0333552700
  -0.0018943400   -0.0000001600   -0.0013949300
  -0.0004643400   -0.0000000800   -0.0014844900
  -0.0019232900   -0.0000002300   -0.0013799500
   0.0011803100    0.0000055100   -0.0013854400
  -0.0007411700   -0.0008191200   -0.0015669800
  -0.0003000500   -0.0000044000   -0.0014827800
  -0.0013163200    0.0013929300   -0.0010012700
   0.0001470200    0.0000003400   -0.0014841200
   0.0000204900    0.0000002800   -0.0014784500
  -0.0001681500    0.0000001900   -0.0015159300
   0.0000288300    0.0000002100   -0.0014868000
   0.0011804300   -0.0000055800   -0.0013857500
  -0.0007414100    0.0008190100   -0.0015672100
  -0.0002999300    0.0000043000   -0.0014829500
  -0.0013162700   -0.0013929600   -0.0010014500
   0.0000718200   -0.0000005300   -0.0015692100
  -0.0000413900   -0.0000002900   -0.0015888000
  -0.0000701300   -0.0000004900   -0.0015009600
   0.0000738600   -0.0000003700   -0.0017032300
   0.0000786800   -0.0000585500   -0.0016457600
  -0.0000085500   -0.0000215900   -0.0015110900
  -0.0000563000   -0.0000055800   -0.0015056100
  -0.0000059600    0.0000171900   -0.0015143300
   0.0000525200    0.0000003400   -0.0015006800
  -0.0000147900    0.0000004600   -0.0015004100
  -0.0000394700    0.0000002600   -0.0014940200
  -0.0000051000    0.0000003900   -0.0015107600
   0.0000787300    0.0000585600   -0.0016459200
  -0.0000084800    0.0000214600   -0.0015111100
  -0.0000564500    0.0000057700   -0.0015057500
  -0.0000058500   -0.0000172200   -0.0015146100
  -0.0027320500    0.0033675300   -0.0009545500
  -0.0003557500    0.0000888200    0.0014251100
  -0.0001872000   -0.0000598400    0.0015904200
   0.0009403800    0.0002992800    0.0026304700
  -0.0027319700   -0.0033681100   -0.0009546500
  -0.0003558200   -0.0000893900    0.0014249900
  -0.0001871600    0.0000592200    0.0015900900
   0.0009403400   -0.0002998200    0.0026304600
   0.0001180700   -0.0001585100    0.0014933500
  -0.0002561300   -0.0001874500    0.0014593300
  -0.0001484100    0.0000793500    0.0015658100
   0.0001470500   -0.0000104000    0.0015215100
   0.0001182500    0.0001591300    0.0014933400
  -0.0002561500    0.0001879700    0.0014594000
  -0.0001483400   -0.0000786100    0.0015657800
   0.0001469500    0.0000108400    0.0015215200
   0.0002238700   -0.0000261600    0.0013597600
  -0.0000803200    0.0000021500    0.0015245300
  -0.0001535500   -0.0000741800    0.0014529600
  -0.0000114600   -0.0002090400    0.0011285000
   0.0002238400    0.0000257500    0.0013596000
  -0.0000801800   -0.0000025600    0.0015245100
  -0.0001536200    0.0000740100    0.0014529700
  -0.0000115300    0.0002087100    0.0011285000
   0.0000794400   -0.0000012300    0.0015232500
  -0.0000509200    0.0000128700    0.0015288200
  -0.0000879100    0.0000236100    0.0014930000
   0.0000071200    0.0000745100    0.0014531700
   0.0000794300    0.0000016600    0.0015236800
  -0.0000509800   -0.0000125500    0.0015290200
  -0.0000879200   -0.0000234400    0.0014933200
   0.0000072500   -0.0000742600    0.0014535000
  -0.0000151100   -0.0014277300   -0.0018744800
  -0.0002241600   -0.0000520900    0.0004722800
   0.0001225300   -0.0000822400   -0.0000016600
   0.0002175300    0.0006104700   -0.0006665000
  -0.0000151600    0.0014276200   -0.0018743500
  -0.0002241300    0.0000519400    0.0004722700
   0.0001224300    0.0000821900   -0.0000016700
   0.0002175400   -0.0006105800   -0.0006665500
  -0.0000390500   -0.0001391000    0.0000236500
   0.0002680600    0.0002740400    0.0001409400
  -0.0001424800    0.0000378100    0.0000079300
  -0.0000155800   -0.0001273600   -0.0000901600
  -0.0000389900    0.0001393000    0.0000235100
   0.0002679300   -0.0002738900    0.0001408300
  -0.0001424400   -0.0000376500    0.0000078200
  -0.0000154700    0.0001274100   -0.0000901700
   0.0000582400    0.0004196200   -0.0008530700
   0.0000067000   -0.0000473000   -0.0002443600
  -0.0000149900    0.0000237700   -0.0000029200
  -0.0000482600   -0.0001035800    0.0000492000
   0.0000582900   -0.0004197000   -0.0008530800
   0.0000066500    0.0000472000   -0.0002442400
  -0.0000150400   -0.0000240200   -0.0000028900
  -0.0000481300    0.0001033800    0.0000492300
  -0.0000429700    0.0000907500   -0.0000722100
   0.0000230400   -0.0000158100   -0.0000985500
   0.0000008400    0.0000109600   -0.0000019000
   0.0000235600    0.0000023900    0.0000228100
  -0.0000429700   -0.0000906600   -0.0000721700
   0.0000230400    0.0000158200   -0.0000984300
   0.0000008700   -0.0000106800   -0.0000019600
   0.0000236800   -0.0000020900    0.0000227400
   0.0000250200    0.0000000400    0.0004040600
  -0.0000623800    0.0000000500    0.0001817100
   0.0002153300   -0.0000000600   -0.0001354000
  -0.0028377300   -0.0000000500   -0.0041654900
  -0.0002765700   -0.0005457600    0.0004178600
   0.0000987600    0.0002132200    0.0000964100
  -0.0000481800    0.0000705000   -0.0000456200
   0.0002815600    0.0001050500   -0.0006130800
   0.0001408700    0.0000003300    0.0000414000
  -0.0000945200    0.0000001300    0.0000418200
  -0.0001702400    0.0000001900   -0.0000256700
  -0.0000238700    0.0000002100   -0.0000441100
  -0.0002765900    0.0005454900    0.0004178400
   0.0000988100   -0.0002135000    0.0000963000
  -0.0000482500   -0.0000706300   -0.0000455000
   0.0002816300   -0.0001051700   -0.0006130600
  -0.0003584300   -0.0000000700   -0.0007587600
   0.0000986500   -0.0000002600   -0.0001524200
  -0.0000829700   -0.0000002800    0.0000081700
   0.0004801900   -0.0000001200   -0.0009467700
   0.0000639000   -0.0000098100   -0.0001768200
  -0.0000016600    0.0000240500   -0.0000813200
   0.0000116500   -0.0000248600    0.0000056700
  -0.0000871900    0.0000640400   -0.0000177200
  -0.0000182600    0.0000000900   -0.0000181300
  -0.0000106900    0.0000001100   -0.0000215400
  -0.0000329200    0.0000000300    0.0000176800
   0.0000285700    0.0000001200    0.0000122000
   0.0000639500    0.0000097500   -0.0001768700
  -0.0000013500   -0.0000239100   -0.0000813900
   0.0000115800    0.0000251100    0.0000056200
  -0.0000874500   -0.0000640000   -0.0000177000

129  
  0.0069897595184229   0.0000000000000000   0.0071514517319644
   0.0001950800   -0.0001676200   -0.0336523300
  -0.0002199700   -0.0001756100   -0.0332975400
   0.0000208100   -0.0000502800   -0.0331597600
   0.0000418500   -0.0000526900   -0.0334021000
  -0.0000476100   -0.0000971000   -0.0331700000
  -0.0000452200   -0.0000851900   -0.0332194100
   0.0000543600   -0.0000368600   -0.0331328800
   0.0000334000   -0.0000707300   -0.0330463400
  -0.0000469100    0.0000964900   -0.0331706700
  -0.0000457300    0.0000845000   -0.0332200900
   0.0000550600    0.0000363000   -0.0331334800
   0.0000328200    0.0000698400   -0.0330466600
   0.0001942800    0.0001681500   -0.0336530100
  -0.0002194700    0.0001763900   -0.0332981300
   0.0000201800    0.0000510500   -0.0331603800
   0.0000423300    0.0000535800   -0.0334021600
  -0.0011166700   -0.0044029900   -0.0269051300
   0.0012484500   -0.0000188800   -0.0334677400
   0.0002203100    0.0000980900   -0.0329440500
  -0.0002710200    0.0005255100   -0.0321442100
   0.0002213500    0.0003008100   -0.0327794000
   0.0002948100    0.0003346500   -0.0324324500
  -0.0005885500    0.0001168800   -0.0327163600
   0.0000511100    0.0001652300   -0.0333471100
   0.0002208900   -0.0003020400   -0.0327799400
   0.0002952400   -0.0003360800   -0.0324332700
  -0.0005889800   -0.0001182600   -0.0327167400
   0.0000515300   -0.0001664600   -0.0333478100
  -0.0011163700    0.0044039100   -0.0269060500
   0.0012478100    0.0000200800   -0.0334685600
   0.0002206600   -0.0000968600   -0.0329458300
  -0.0002713400   -0.0005241300   -0.0321448600
   0.0099607600    0.0000003400    0.0463811500
  -0.0002617200    0.0000012200    0.0333625800
   0.0003484300    0.0000005000    0.0331455500
   0.0007515300    0.0000009600    0.0322537300
  -0.0004093500    0.0001583200    0.0342002400
  -0.0001778400    0.0002071100    0.0332694700
   0.0003221200   -0.0004564300    0.0330122900
   0.0000880800   -0.0016574800    0.0322494100
  -0.0001000600   -0.0000009300    0.0328942000
   0.0000072000   -0.0000004800    0.0329341300
   0.0002431700   -0.0000008800    0.0336865900
   0.0000942500   -0.0000004600    0.0332778400
  -0.0004094800   -0.0001578000    0.0342017400
  -0.0001780800   -0.0002076500    0.0332709100
   0.0003221800    0.0004566100    0.0330140700
   0.0000882800    0.0016575100    0.0322509000
   0.0002566700    0.0000009700    0.0324890500
   0.0000651900    0.0000002800    0.0329048300
  -0.0001398800    0.0000007900    0.0330303100
  -0.0000752500    0.0000004800    0.0324722300
   0.0001350900    0.0000764300    0.0326602100
   0.0000698700   -0.0000037000    0.0329991700
  -0.0000810000    0.0000832400    0.0330079800
  -0.0001011700    0.0001906500    0.0329169400
   0.0000280900   -0.0000003300    0.0330254000
   0.0000518400   -0.0000009300    0.0330340300
  -0.0000277000   -0.0000004300    0.0329704900
  -0.0000656500   -0.0000011100    0.0329278800
   0.0001351500   -0.0000770000    0.0326610100
   0.0000700400    0.0000041000    0.0329995800
  -0.0000813400   -0.0000834800    0.0330086700
  -0.0001012700   -0.0001899600    0.0329176700
   0.0000060600    0.0023190100    0.0003612000
   0.0005904900    0.0008601900   -0.0016251600
  -0.0001214100    0.0000451400   -0.0015034500
  -0.0005740100    0.0002018400   -0.0011930600
   0.0000382300    0.0001625100   -0.0015315100
  -0.0000076800    0.0000020600   -0.0013937200
   0.0001423300    0.0000347700   -0.0015157000
  -0.0002445700    0.0001454000   -0.0016715700
   0.0000381600   -0.0001627800   -0.0015311200
  -0.0000076300   -0.0000023600   -0.0013935500
   0.0001423200   -0.0000350500   -0.0015154300
  -0.0002445200   -0.0001456500   -0.0016714300
   0.0000059800   -0.0023187700    0.0003612700
   0.0005905500   -0.0008598600   -0.0016250100
  -0.0001214300   -0.0000448700   -0.0015031600
  -0.0005739400   -0.0002016600   -0.0011929600
  -0.0000576700    0.0000991500   -0.0006368000
  -0.0001313100   -0.0000445600   -0.0013681500
   0.0000139000   -0.0000142400   -0.0014903300
   0.0001720800   -0.0001181500   -0.0014222700
   0.0000438300   -0.0000817900   -0.0014219200
  -0.0000864900   -0.0000689300   -0.0014565500
  -0.0000014000   -0.0000191900   -0.0014905400
   0.0000392200   -0.0000190000   -0.0014551300
   0.0000438100    0.0000814600   -0.0014219700
  -0.0000866000    0.0000685600   -0.0014563500
  -0.0000013500    0.0000188700   -0.0014906200
   0.0000392400    0.0000186900   -0.0014551800
  -0.0000576600   -0.0000988100   -0.0006364200
  -0.0001313400    0.0000449800   -0.0013674800
   0.0000139700    0.0000145000   -0.0014898800
   0.0001720800    0.0001184800   -0.0014220800
  -0.0001665200    0.0000003700    0.0027698900
   0.0000742400    0.0000003900    0.0014766400
  -0.0000892000    0.0000002700    0.0016526800
   0.0000362300    0.0000002300    0.0019297800
   0.0000918300    0.0001794900    0.0015165600
   0.0000395200    0.0000730800    0.0015371200
  -0.0000488300    0.0000542400    0.0015232800
  -0.0000684600    0.0001221900    0.0016627900
   0.0000105200   -0.0000001200    0.0015201800
   0.0000411500   -0.0000001800    0.0014838700
   0.0000020100   -0.0000001200    0.0015046300
  -0.0000204600   -0.0000001200    0.0014735400
   0.0000915500   -0.0001797300    0.0015161100
   0.0000398000   -0.0000733100    0.0015367100
  -0.0000489600   -0.0000543600    0.0015231900
  -0.0000684000   -0.0001221500    0.0016625900
  -0.0009359200    0.0000000800    0.0020011400
  -0.0002395500    0.0000000700    0.0016173600
   0.0000844100    0.0000000200    0.0013442900
   0.0036718800    0.0000001100    0.0047207200
  -0.0005288800   -0.0009095600    0.0018788300
  -0.0000984700   -0.0003175700    0.0014097500
   0.0000469300    0.0000845500    0.0015537300
   0.0005246500   -0.0002477100    0.0013290300
  -0.0001034600   -0.0000002600    0.0014281600
   0.0000969800   -0.0000001700    0.0014625700
   0.0001677100   -0.0000001600    0.0015388300
  -0.0000139100   -0.0000002200    0.0015902800
  -0.0005287600    0.0009096800    0.0018784600
  -0.0000984200    0.0003176400    0.0014094000
   0.0000469000   -0.0000845100    0.0015533800
   0.0005246000    0.0002477900    0.0013288000
  -0.0202041600    0.0000001600   -0.0453791100
   0.0016391600    0.0000002700   -0.0005762000
  -0.0030257000    0.0000002600   -0.0000895400
   0.0011923300    0.0000002900   -0.0001746400
  -0.0025843600   -0.0001930500   -0.0003746100
  -0.0032518100   -0.0062111500   -0.0011171200
  -0.0017837800   -0.0000272900   -0.0001051300
  -0.0041348900    0.0053773500   -0.0002550100
  -0.0025054600   -0.0000004200   -0.0000820800
   0.0006268600   -0.0000003400   -0.0001258800
   0.0070215100   -0.0000003300   -0.0009223100
   0.0006063600   -0.0000002800   -0.0000819300
  -0.0025843500    0.0001932900   -0.0003745200
  -0.0032518200    0.0062111700   -0.0011170100
  -0.0017837900    0.0000272200   -0.0001051500
  -0.0041349500   -0.0053772900   -0.0002549800
  -0.0004217100    0.0000004500    0.0001938600
   0.0000891600    0.0000006900    0.0001533000
   0.0003089500    0.0000005400    0.0000375000
   0.0001098200    0.0000003800    0.0001335900
   0.0000321600    0.0000118600    0.0001428600
  -0.0001364700    0.0002841700    0.0001189400
   0.0000838800    0.0000182300    0.0000570400
  -0.0000418100   -0.0001888800    0.0000278700
   0.0002467900   -0.0000000200    0.0000366200
   0.0000228700   -0.0000000400    0.0000735400
  -0.0002698500   -0.0000000900    0.0000870800
   0.0000594900    0.0000000200    0.0000398900
   0.0000319400   -0.0000121900    0.0001426800
  -0.0001365000   -0.0002847400    0.0001188300
   0.0000840300   -0.0000187300    0.0000568800
  -0.0000417800    0.0001884500    0.0000278600
   0.0040860700    0.0037148900    0.0024389400
   0.0011406700    0.0004740200   -0.0001927400
   0.0012118600   -0.0005343400   -0.0001012200
   0.0058625000   -0.0017555700    0.0041864000
   0.0000649400    0.0005677800   -0.0001278000
  -0.0003512200    0.0001436500   -0.0004180500
   0.0004254500    0.0005492300    0.0002963000
   0.0000623700   -0.0004449000   -0.0001665400
   0.0000649000   -0.0005683300   -0.0001278400
  -0.0003511700   -0.0001441100   -0.0004180000
   0.0004255400   -0.0005497100    0.0002961900
   0.0000623000    0.0004443900   -0.0001665400
   0.0040860200   -0.0037144200    0.0024389700
   0.0011407500   -0.0004734000   -0.0001927200
   0.0012119900    0.0005348400   -0.0001012500
   0.0058624700    0.0017560100    0.0041863700
   0.0000654500    0.0000418000    0.0002062800
  -0.0000499400   -0.0000410700    0.0000480900
  -0.0000297800    0.0000386800    0.0000650400
  -0.0000130400   -0.0001193800    0.0001280900
   0.0000195200   -0.0000304200    0.0000599000
   0.0000208700    0.0000691600    0.0000972500
  -0.0000556500   -0.0001444700    0.0000218900
   0.0000145600    0.0000489900    0.0000546500
   0.0000194100    0.0000299300    0.0000599000
   0.0000209800   -0.0000696700    0.0000972300
  -0.0000556100    0.0001442000    0.0000219000
   0.0000144500   -0.0000491900    0.0000546600
   0.0000652600   -0.0000413600    0.0002063300
  -0.0000498000    0.0000415600    0.0000481200
  -0.0000296900   -0.0000383300    0.0000649900
  -0.0000131000    0.0001195900    0.0001280300

129  
 -0.0069897595184229   0.0000000000000000  -0.0071514517319644
  -0.0001867400    0.0001704000   -0.0324788500
   0.0002166600    0.0001749500   -0.0328446100
  -0.0000229500    0.0000524500   -0.0329767000
  -0.0000440500    0.0000564400   -0.0327331800
   0.0000493100    0.0001017800   -0.0329599400
   0.0000429000    0.0000888400   -0.0329133200
  -0.0000572200    0.0000394300   -0.0329993200
  -0.0000311400    0.0000746600   -0.0330848800
   0.0000498000   -0.0001008300   -0.0329599400
   0.0000425600   -0.0000875900   -0.0329124500
  -0.0000568800   -0.0000382300   -0.0329994000
  -0.0000309700   -0.0000733700   -0.0330846200
  -0.0001869200   -0.0001718900   -0.0324779300
   0.0002171600   -0.0001762800   -0.0328438700
  -0.0000234300   -0.0000538900   -0.0329776900
  -0.0000431300   -0.0000580200   -0.0327333500
   0.0011137400    0.0045647600   -0.0392652400
  -0.0012332800    0.0000275400   -0.0325614200
  -0.0002202900   -0.0000970300   -0.0330872200
   0.0002717500   -0.0005142800   -0.0338775900
  -0.0002192400   -0.0002930300   -0.0332404700
  -0.0002977500   -0.0003287400   -0.0335816100
   0.0005822200   -0.0001079500   -0.0333020200
  -0.0000427700   -0.0001637800   -0.0326799400
  -0.0002205900    0.0002946400   -0.0332406200
  -0.0002967600    0.0003305900   -0.0335802900
   0.0005813000    0.0001097000   -0.0333000900
  -0.0000421900    0.0001653700   -0.0326796400
   0.0011143700   -0.0045672400   -0.0392637600
  -0.0012341000   -0.0000298100   -0.0325599100
  -0.0002194700    0.0000956400   -0.0330860100
   0.0002703700    0.0005127100   -0.0338767000
  -0.0094622500   -0.0000013800    0.0201711700
   0.0002481100   -0.0000012800    0.0326728900
  -0.0003482700   -0.0000016900    0.0328888800
  -0.0007159200   -0.0000009200    0.0337240200
   0.0004205400   -0.0001474200    0.0318236300
   0.0001657500   -0.0002073500    0.0327595300
  -0.0003183900    0.0004579400    0.0330217100
  -0.0000872800    0.0016756700    0.0337856000
   0.0000980800    0.0000006300    0.0331206700
  -0.0000122600    0.0000018500    0.0330871900
  -0.0002440600    0.0000007400    0.0323389500
  -0.0000832100    0.0000017600    0.0327429100
   0.0004209300    0.0001484300    0.0318213000
   0.0001647500    0.0002056900    0.0327582900
  -0.0003188200   -0.0004572500    0.0330185700
  -0.0000873000   -0.0016767800    0.0337844900
  -0.0002567500   -0.0000006600    0.0336382600
  -0.0000637900   -0.0000013200    0.0332323500
   0.0001392600   -0.0000005300    0.0331093900
   0.0000722500   -0.0000008000    0.0336596000
  -0.0001351700   -0.0000685800    0.0334694400
  -0.0000696900    0.0000100300    0.0331339900
   0.0000802900   -0.0000788200    0.0331261400
   0.0001012100   -0.0001828000    0.0332170000
  -0.0000291500    0.0000009400    0.0331030300
  -0.0000545000    0.0000002400    0.0330957900
   0.0000285000    0.0000007300    0.0331593600
   0.0000678600    0.0000005500    0.0332013300
  -0.0001351000    0.0000689100    0.0334694100
  -0.0000700200   -0.0000089500    0.0331340200
   0.0000805800    0.0000783000    0.0331266200
   0.0001016600    0.0001831200    0.0332179400
  -0.0000201100   -0.0023029000   -0.0033700900
  -0.0005755400   -0.0008410400   -0.0013851800
   0.0001215100   -0.0000432500   -0.0015085000
   0.0005763600   -0.0002005200   -0.0018199000
  -0.0000388400   -0.0001581800   -0.0014849800
   0.0000097600    0.0000016700   -0.0016224400
  -0.0001413400   -0.0000312300   -0.0015018400
   0.0002428400   -0.0001430700   -0.0013440900
  -0.0000393300    0.0001599600   -0.0014854700
   0.0000102700    0.0000002200   -0.0016238200
  -0.0001419700    0.0000327900   -0.0015027700
   0.0002433800    0.0001446100   -0.0013445100
  -0.0000198000    0.0023012100   -0.0033705400
  -0.0005758200    0.0008394100   -0.0013863900
   0.0001214900    0.0000416900   -0.0015093400
   0.0005764000    0.0001991300   -0.0018206100
   0.0000600700   -0.0000996600   -0.0023408600
   0.0001281900    0.0000423200   -0.0016117900
  -0.0000160100    0.0000172300   -0.0014924000
  -0.0001706000    0.0001171000   -0.0015581700
  -0.0000413900    0.0000821700   -0.0015617900
   0.0000855900    0.0000710300   -0.0015270600
  -0.0000000900    0.0000202900   -0.0014910500
  -0.0000392600    0.0000226200   -0.0015278900
  -0.0000411200   -0.0000808900   -0.0015615100
   0.0000852900   -0.0000699700   -0.0015272600
   0.0000002400   -0.0000192700   -0.0014909800
  -0.0000395000   -0.0000215800   -0.0015277900
   0.0000598300    0.0000984800   -0.0023406900
   0.0001284000   -0.0000431400   -0.0016118200
  -0.0000163500   -0.0000181600   -0.0014924100
  -0.0001701500   -0.0001180900   -0.0015581400
   0.0001609400   -0.0000005500    0.0002350700
  -0.0000748200   -0.0000007600    0.0015067900
   0.0000909600   -0.0000006200    0.0013284500
  -0.0000380200   -0.0000008600    0.0010413600
  -0.0000946200   -0.0001774700    0.0014664200
  -0.0000382600   -0.0000688500    0.0014453700
   0.0000483400   -0.0000520600    0.0014577500
   0.0000708800   -0.0001208600    0.0013175200
  -0.0000079100    0.0000010300    0.0014640900
  -0.0000425800    0.0000005300    0.0014984100
  -0.0000012600    0.0000009500    0.0014770200
   0.0000195300    0.0000007500    0.0015099400
  -0.0000948600    0.0001767900    0.0014668400
  -0.0000379600    0.0000692100    0.0014456900
   0.0000482100    0.0000519600    0.0014581200
   0.0000712400    0.0001210000    0.0013176900
   0.0009139900   -0.0000011200    0.0010385700
   0.0002374600   -0.0000010800    0.0013944200
  -0.0000894800   -0.0000016500    0.0016649300
  -0.0037206400   -0.0000011400   -0.0017809600
   0.0005325400    0.0009092700    0.0011398000
   0.0000975500    0.0003193100    0.0016051000
  -0.0000485100   -0.0000778400    0.0014618000
  -0.0005224600    0.0002544000    0.0016824800
   0.0001018400    0.0000016400    0.0015883400
  -0.0000980300    0.0000017600    0.0015561100
  -0.0001682500    0.0000013500    0.0014818700
   0.0000163400    0.0000018100    0.0014262200
   0.0005325000   -0.0009096300    0.0011415300
   0.0000977200   -0.0003199100    0.0016072600
  -0.0000485400    0.0000783700    0.0014627600
  -0.0005225000   -0.0002549900    0.0016833100
   0.0199459000   -0.0000018400    0.0452481500
  -0.0016004000   -0.0000023600    0.0005679500
   0.0030163900   -0.0000023800    0.0000799900
  -0.0012419200   -0.0000019000    0.0001765100
   0.0025889400    0.0002140500    0.0003731300
   0.0032592100    0.0062125400    0.0010963800
   0.0017871400    0.0000151600    0.0000987200
   0.0040975800   -0.0053178300    0.0002715100
   0.0024938700    0.0000022400    0.0000870600
  -0.0006419400    0.0000024700    0.0001177300
  -0.0069969800    0.0000019600    0.0009041900
  -0.0005853600    0.0000022400    0.0000813400
   0.0025891900   -0.0002144500    0.0003730100
   0.0032593400   -0.0062126800    0.0010964300
   0.0017866200   -0.0000152500    0.0000984700
   0.0040975500    0.0053178900    0.0002711100
   0.0004231100   -0.0000005600   -0.0001940100
  -0.0000888600   -0.0000010500   -0.0001515900
  -0.0003074400   -0.0000008000   -0.0000366300
  -0.0001120100   -0.0000009200   -0.0001324800
  -0.0000315200   -0.0000071600   -0.0001428400
   0.0001359000   -0.0002794300   -0.0001170900
  -0.0000865200   -0.0000149900   -0.0000563400
   0.0000436900    0.0001917900   -0.0000289000
  -0.0002428900    0.0000008800   -0.0000379600
  -0.0000248100    0.0000011700   -0.0000733700
   0.0002685100    0.0000006100   -0.0000845000
  -0.0000591900    0.0000009500   -0.0000407900
  -0.0000314500    0.0000073900   -0.0001431000
   0.0001355600    0.0002794900   -0.0001172500
  -0.0000864400    0.0000150200   -0.0000564600
   0.0000437500   -0.0001917000   -0.0000289400
  -0.0040390300   -0.0036147900   -0.0023788200
  -0.0011146600   -0.0004991700    0.0001950300
  -0.0012386200    0.0005094000    0.0000994300
  -0.0059948000    0.0018453200   -0.0042757900
  -0.0000967200   -0.0005331300    0.0001312200
   0.0003052300   -0.0001683200    0.0004190700
  -0.0003820400   -0.0005926200   -0.0002945700
  -0.0000313000    0.0004711900    0.0001626600
  -0.0000964100    0.0005361900    0.0001311500
   0.0003048600    0.0001718500    0.0004191000
  -0.0003820000    0.0005953200   -0.0002948500
  -0.0000314000   -0.0004680300    0.0001624100
  -0.0040386500    0.0036117900   -0.0023787100
  -0.0011149600    0.0004959500    0.0001950300
  -0.0012387400   -0.0005121600    0.0000991800
  -0.0059948100   -0.0018481100   -0.0042759700
  -0.0000635500   -0.0000431200   -0.0002041300
   0.0000468900    0.0000432400   -0.0000484600
   0.0000297200   -0.0000363700   -0.0000658700
   0.0000135600    0.0001224600   -0.0001282300
  -0.0000186900    0.0000329300   -0.0000587500
  -0.0000197400   -0.0000674700   -0.0000961400
   0.0000546300    0.0001478000   -0.0000216500
  -0.0000151300   -0.0000473300   -0.0000538100
  -0.0000186600   -0.0000316300   -0.0000587800
  -0.0000196300    0.0000686700   -0.0000963900
   0.0000545000   -0.0001464100   -0.0000212400
  -0.0000150500    0.0000486200   -0.0000539600
  -0.0000636800    0.0000420700   -0.0002040200
   0.0000468100   -0.0000445500   -0.0000484300
   0.0000298500    0.0000352300   -0.0000659100
   0.0000138700   -0.0001239700   -0.0001281000
